Test: #1
Ввод
4 2
1 3 3 2
Вывод
3

Test: #2
Ввод
2 1
1 1
Вывод
1

Test: #3
Ввод
2 1
2 5
Вывод
0

Test: #4
Ввод
2 1
1 2
Вывод
0

Test: #5
Ввод
2 1
1 1
Вывод
1

Test: #6
Ввод
2 7
10 20
Вывод
0

Test: #7
Ввод
2 7
1 1
Вывод
1

Test: #8
Ввод
3 3
18 1 9
Вывод
10

Test: #9
Ввод
3 3
15 17 9
Вывод
3

Test: #10
Ввод
3 3
10 9 12
Вывод
2

Test: #11
Ввод
10 3
2 1 17 10 5 16 8 4 15 17
Вывод
31

Test: #12
Ввод
10 3
6 11 4 12 22 15 23 26 24 26
Вывод
13

Test: #13
Ввод
10 3
10 24 13 15 18 14 15 26 33 35
Вывод
29


Test: #14
Ввод
100 3
529 178 280 403 326 531 671 427 188 866 669 646 421 804 494 609 53 1012 211 243 887 833 900 543 226 42 859 718 454 372 971 692 846 770 511 395 499 479 641 756 115 269 206 45 1039 727 400 779 859 614 146 214 196 919 702 959 380 830 535 878 859 784 316 305 782 924 536 243 236 978 564 150 291 877 808 983 537 839 490 120 168 838 267 650 900 170 211 504 326 771 895 984 994 483 776 100 471 1078 317 580
Вывод
15717

Test: #15
Ввод
100 3
329 226 331 909 962 112 837 1005 194 818 506 416 125 648 367 459 400 582 989 547 329 438 234 121 272 226 821 376 834 427 718 164 834 113 654 177 737 212 169 696 744 180 89 944 233 147 667 990 809 1072 1085 1093 814 265 1067 312 833 572 303 901 1032 504 185 817 389 158 613 723 239 269 911 352 769 404 225 822 897 606 947 323 913 804 923 1084 552 901 486 249 209 898 847 610 728 1122 986 669 1116 1076 367 327
Вывод
16133

Test: #16
Ввод
2000 1
1 1 1 1 1 1 1 1 1 1 1 1 1 1 1 1 1 1 1 1 1 1 1 1 1 1 1 1 1 1 1 1 1 1 1 1 1 1 1 1 1 1 1 1 1 1 1 1 1 1 1 1 1 1 1 1 1 1 1 1 1 1 1 1 1 1 1 1 1 1 1 1 1 1 1 1 1 1 1 1 1 1 1 1 1 1 1 1 1 1 1 1 1 1 1 1 1 1 1 1 1 1 1 1 1 1 1 1 1 1 1 1 1 1 1 1 1 1 1 1 1 1 1 1 1 1 1 1 1 1 1 1 1 1 1 1 1 1 1 1 1 1 1 1 1 1 1 1 1 1 1 1 1 1 1 1 1 1 1 1 1 1 1 1 1 1 1 1 1 1 1 1 1 1 1 1 1 1 1 1 1 1 1 1 1 1 1 1 1 1 1 1 1 1 1 1 1 1 1 1 1 1 1 1 1 1 1 1 1 1 1 1 1 1 1 1 1 1 1 1 1 1 1 1 1 1 1 1 1 1 1 1 1 1 1 1 1 1 1 1 1 1 1 1 1 1 1 1 1 1 1 1...
Вывод
1999000


Test: #17
Ввод
2000 1
370763 424857 123754 74604 946784 281474 383744 344320 538649 42333 995956 519580 918978 145319 371227 849096 675257 564904 775284 108367 562679 576871 934163 596707 407569 522096 87279 278588 778655 6703 85087 592269 396610 981174 778652 628026 642554 603729 724802 796687 794723 823013 389542 431293 333616 706651 848504 586695 752198 442628 989055 92046 128845 630914 740743 216232 465918 89989 967198 806142 841347 284988 760587 727318 256467 809298 516756 211708 731447 303180 511193 486268 299537 ...
Вывод
986784090

Test: #18
Ввод
2000 1000000
540619 557471 230959 419647 978244 11826 124871 947403 599122 386422 809994 922323 331257 352082 345564 235761 440678 546749 872615 958643 921274 784709 293395 338483 361222 375870 287441 422244 95761 325921 483230 420450 172231 304439 218259 366926 303073 174773 836697 713331 139502 21223 411290 523317 95152 329607 888321 235127 563779 210629 771214 232589 121706 617510 906481 473543 273897 523015 375619 665114 642542 51091 271072 667363 259393 291973 734368 396536 772190 331799 606081 37966...
Вывод
1001485

