Test: #1
Ввод
2
Вывод
2 1 

Test: #2
Ввод
3
Вывод
1 3 2 

Test: #3
Ввод
4
Вывод
2 1 4 3 

Test: #4
Ввод
5
Вывод
1 3 2 5 4 

Test: #5
Ввод
6
Вывод
2 1 4 3 6 5

Test: #6
Ввод
1
Вывод
1 

Test: #7
Ввод
7
Вывод
1 3 2 5 4 7 6

Test: #8
Ввод
8
Вывод
2 1 4 3 6 5 8 7 

Test: #9
Ввод
9
Вывод
1 3 2 5 4 7 6 9 8 

Test: #10
Ввод
10
Вывод
2 1 4 3 6 5 8 7 10 9 

Test: #11
Ввод
96
Вывод
2 1 4 3 6 5 8 7 10 9 12 11 14 13 16 15 18 17 20 19 22 21 24 23 26 25 28 27 30 29 32 31 34 33 36 35 38 37 40 39 42 41 44 43 46 45 48 47 50 49 52 51 54 53 56 55 58 57 60 59 62 61 64 63 66 65 68 67 70 69 72 71 74 73 76 75 78 77 80 79 82 81 84 83 86 85 88 87 ...

Test: #12
Ввод
97
Вывод
1 3 2 5 4 7 6 9 8 11 10 13 12 15 14 17 16 19 18 21 20 23 22 25 24 27 26 29 28 31 30 33 32 35 34 37 36 39 38 41 40 43 42 45 44 47 46 49 48 51 50 53 52 55 54 57 56 59 58 61 60 63 62 65 64 67 66 69 68 71 70 73 72 75 74 77 76 79 78 81 80 83 82 85 84 87 86 89 ...

Test: #13
Ввод
98
Вывод
2 1 4 3 6 5 8 7 10 9 12 11 14 13 16 15 18 17 20 19 22 21 24 23 26 25 28 27 30 29 32 31 34 33 36 35 38 37 40 39 42 41 44 43 46 45 48 47 50 49 52 51 54 53 56 55 58 57 60 59 62 61 64 63 66 65 68 67 70 69 72 71 74 73 76 75 78 77 80 79 82 81 84 83 86 85 88 87 ...

